DownloadSpeed = 1000000.0;
Nacquisitions = 4;
AcquisitionVolumes=[7399485,14798971,7399485,3699742];
AcquisitionPriority=[1,0,1,1];
AcquisitionUserShare=[0.2,0.5,0.5,0.5];
AcquisitionEndTime=[1846.989968138,1984.811970572,731.221151206,14085.269057559];
AcquisitionIds=["CAND 8","CAND 10","CAND 14","CAND 21"];

NdownloadWindows = 6;
DownloadWindowId=[0,2,3,7,8,9];
DownloadWindowStart=[1651.1867406070232,2705.0145874023438,8565.222198665142,13027.343212008476,529.0901320278645,2121.0636280477047];
DownloadWindowEnd=[2239.368815690279,3256.015537440777,9011.895486623049,13423.839053869247,1008.9964098036289,2560.765302300453];

OutputFile = "solutionDlPlan_SAT1.txt";
